202
200000
17866
199864
157091
153199
146554
100420
114963
39241
69647
127483
61042
137748
15367
1913
190366
103817
62919
98574
174321
95234
78829
45983
11934
167880
96165
25846
3423
98502
194016
117750
146610
135668
30456
53391
54945
125082
196235
154356
145300
143264
49806
147945
32326
30617
126798
128710
166854
80560
174755
174991
88970
151059
75363
27982
102428
5656
156465
48845
14416
47210
72704
145568
40680
187385
131687
18652
124688
155175
82981
168117
12663
106442
93207
75453
42064
97094
36242
121595
170032
115125
167754
108429
155163
175509
115501
35444
79654
167530
12022
97214
22822
109735
6239
145264
85609
134564
162780
165897
134530
100245
121979
158522
25984
123144
153029
8501
1931
84698
78255
107223
61896
5974
23305
119065
173573
104727
95032
86158
157207
193077
181586
181247
102567
182368
138122
149188
112939
40993
92116
590
104802
22809
31471
167815
140111
97207
23532
149430
80187
99987
16810
35186
195980
182903
174463
102590
72020
126946
10579
158107
14389
159977
147500
140290
101285
95942
88393
21344
141322
34495
78477
15922
182786
80196
52726
195485
123898
4277
115522
188141
79395
188866
6127
133831
48743
116595
92882
92602
80877
61988
189977
151248
126990
24186
130011
36352
120508
7593
196118
172310
39700
18933
163091
43540
92027
27783
159069
111336
157331
186708
200000